#L_Camera_K
1031.107181256652 0.000000000000 300.315754576448
0.000000000000 1031.922726531495 596.128631557107
0.000000000000 0.000000000000 1.000000000000

#L_Camera_RT
1.000000000000 0.000000000000 0.000000000000 0.000000000000
0.000000000000 1.000000000000 0.000000000000 0.000000000000
0.000000000000 0.000000000000 1.000000000000 0.000000000000

#R_Camera_K
1034.184348727144 0.000000000000 417.455360200033
0.000000000000 1034.889311554467 615.052068517334
0.000000000000 0.000000000000 1.000000000000

#R_Camera_RT
0.960420625577 0.010140226529 0.278369175326 -70.168656978049
-0.009291786823 0.999947294142 -0.004367108410 -0.002608446641
-0.278398787108 0.001607713956 0.960464226607 13.498989529018

#Fundamental_Matrix
-0.000000050362 0.000002369273 -0.001301863689
0.000000811157 -0.000000004467 -0.011984436200
-0.000689813339 0.010646819054 1.000000000000
