Intrinsic parameter 3x3 Matrix
770.050769 0.000000 316.456402
0.000000 770.204817 244.266149
0.000000 0.000000 1.000000

001.bmp: Extrinsic parameter 3x4 matrix
0.999246 -0.038808 -0.001376 -90.395012
-0.038826 -0.997804 -0.053670 53.949322
0.000710 0.053683 -0.998558 488.423401


002.bmp: Extrinsic parameter 3x4 matrix
0.999834 0.017880 -0.003618 -75.462051
0.013915 -0.875766 -0.482535 38.996746
-0.011796 0.482404 -0.875869 436.306244


003.bmp: Extrinsic parameter 3x4 matrix
0.500272 0.865867 -0.001711 -100.514107
0.369591 -0.215325 -0.903901 23.817722
-0.783027 0.451564 -0.427738 443.282562


004.bmp: Extrinsic parameter 3x4 matrix
-0.563910 0.825830 -0.003181 7.595384
0.662878 0.450336 -0.598156 -105.127739
-0.492543 -0.339415 -0.801373 578.296204


005.bmp: Extrinsic parameter 3x4 matrix
-0.999865 -0.016348 -0.001608 88.027512
-0.005064 0.399850 -0.916566 17.813726
0.015627 -0.916435 -0.399879 451.576294


006.bmp: Extrinsic parameter 3x4 matrix
-0.489544 -0.871971 -0.003669 104.966927
-0.744480 0.420150 -0.518867 13.762801
0.453978 -0.251277 -0.854847 459.715698


007.bmp: Extrinsic parameter 3x4 matrix
0.442191 -0.896919 -0.001636 19.009016
-0.355062 -0.173374 -0.918625 72.252525
0.823649 0.406789 -0.395126 330.565369

